1 2
1 3
1 10
1 6
1 37
2 3
2 6
2 7
2 11
2 1
3 4
3 5
3 7
3 12
3 8
3 1
3 2
4 5
4 8
4 9
4 13
4 3
5 4
5 9
5 33
5 3
6 7
6 10
6 1
6 2
6 11
8 7
8 9
8 13
8 12
8 3
8 4
9 14
9 13
9 4
9 5
9 8
7 12
7 11
7 2
7 3
7 6
7 8
11 6
11 10
11 15
11 2
11 7
11 12
11 16
20 19
20 29
20 24
20 21
20 25
20 16
14 34
14 18
14 23
14 9
14 13
13 14
13 12
13 4
13 8
13 9
13 17
13 18
12 11
12 3
12 8
12 7
12 13
12 16
12 17
28 29
28 40
28 30
28 31
28 32
28 24
28 19
30 28
30 31
30 25
30 32
30 29
30 21
30 26
31 28
31 30
31 32
31 29
31 26
31 27
31 22
32 28
32 31
32 30
32 27
32 23
32 36
29 30
29 31
29 24
29 20
29 28
29 25
24 28
24 19
24 20
24 29
25 29
25 20
25 30
25 21
21 30
21 25
21 17
21 22
21 20
21 26
21 16
26 30
26 31
26 27
26 21
26 22
27 31
27 22
27 32
27 26
27 23
23 27
23 22
23 35
23 14
23 32
23 18
22 31
22 26
22 21
22 27
22 23
22 17
22 18
19 28
19 39
19 20
19 24
19 10
19 15
10 19
10 15
10 38
10 1
10 6
10 11
15 19
15 11
15 10
15 16
40 39
40 28
16 15
16 11
16 12
16 20
16 21
16 17
17 22
17 16
17 12
17 13
17 21
18 13
18 23
18 22
18 14
33 34
33 5
34 35
34 14
34 33
35 36
35 23
35 34
37 38
37 1
38 39
38 10
38 37
36 32
36 35
39 19
39 40
39 38
