(1, [2, 3, 6, 10, 37])
(2, [1, 3, 6, 7, 11])
(3, [1, 2, 4, 5, 7, 8, 12])
(4, [3, 5, 8, 9, 13])
(5, [3, 4, 9, 33])
(6, [1, 2, 7, 10, 11])
(7, [2, 3, 6, 8, 11, 12])
(8, [3, 4, 7, 9, 12, 13])
(9, [4, 5, 8, 13, 14])
(10, [1, 6, 11, 15, 19, 38])
(11, [2, 6, 7, 10, 12, 15, 16])
(12, [3, 7, 8, 11, 13, 16, 17])
(13, [4, 8, 9, 12, 14, 17, 18])
(14, [9, 13, 18, 23, 34])
(15, [10, 11, 16, 19])
(16, [11, 12, 15, 17, 20, 21])
(17, [12, 13, 16, 21, 22])
(18, [13, 14, 22, 23])
(19, [10, 15, 20, 24, 28, 39])
(20, [16, 19, 21, 24, 25, 29])
(21, [16, 17, 20, 22, 25, 26, 30])
(22, [17, 18, 21, 23, 26, 27, 31])
(23, [14, 18, 22, 27, 32, 35])
(24, [19, 20, 28, 29])
(25, [20, 21, 29, 30])
(26, [21, 22, 27, 30, 31])
(27, [22, 23, 26, 31, 32])
(28, [19, 24, 29, 30, 31, 32, 40])
(29, [20, 24, 25, 28, 30, 31])
(30, [21, 25, 26, 28, 29, 31, 32])
(31, [22, 26, 27, 28, 29, 30, 32])
(32, [23, 27, 28, 30, 31, 36])
(33, [5, 34])
(34, [14, 33, 35])
(35, [23, 34, 36])
(36, [32, 35])
(37, [1, 38])
(38, [10, 37, 39])
(39, [19, 38, 40])
(40, [28, 39])
